"subject" "item" "condition" "NP1"
"12" 1 14 1 6.15909538849193
"25" 1 6 1 6.15909538849193
"38" 1 10 1 6.42486902390539
"50" 1 15 -1 5.99396142730657
"63" 1 13 1 6.52502965784346
"76" 1 5 1 6.68586094706836
"88" 1 7 -1 6.67582322163485
"100" 1 3 -1 6.58063913728495
"113" 1 9 1 6.21060007702465
"125" 1 12 -1 6.1779441140506
"138" 1 2 1 6.76272950693188
"150" 1 8 -1 6.15909538849193
"162" 1 4 -1 6.01126717440416
"174" 1 16 -1 6.10924758276437
"186" 1 11 -1 5.93224518744801
"199" 1 1 1 6.17586727010576
"212" 10 8 1 6.0330862217988
"224" 10 3 -1 6.03068526026126
"237" 10 4 1 6.0137151560428
"250" 10 16 1 6.71659477352098
"263" 10 12 1 6.30078579466324
"276" 10 13 1 6.61472560020376
"288" 10 2 -1 5.89164421182577
"301" 10 5 1 6.80793494369993
"313" 10 11 -1 5.79605775076537
"326" 10 1 1 6.05208916892442
"338" 10 15 -1 6.45204895443723
"350" 10 10 -1 5.51745289646471
"362" 10 14 -1 5.82008293035236
"374" 10 6 -1 5.74939298590825
"387" 10 9 1 6.12686918411419
"399" 10 7 -1 5.6937321388027
"412" 11 15 1 6.14203740558736
"424" 11 6 -1 6.4118182677099
"436" 11 9 -1 5.88887795833288
"448" 11 2 -1 6.0913098820777
"461" 11 4 1 6.10924758276437
"473" 11 10 -1 6.07073772800249
"486" 11 11 1 5.93224518744801
"499" 11 16 1 6.12468339089421
"512" 11 12 1 6.1779441140506
"524" 11 5 -1 6.07073772800249
"536" 11 14 -1 5.84643877505772
"549" 11 3 1 6.17586727010576
"561" 11 1 -1 6.37161184723186
"574" 11 8 1 7.39817409297047
"587" 11 7 1 6.05208916892442
"599" 11 13 -1 5.82008293035236
"611" 12 4 -1 6.53524127101366
"623" 12 9 -1 6.61472560020376
"636" 12 15 1 7.3004728142678
"649" 12 7 1 6.78105762593618
"662" 12 2 1 7.07749805356923
"674" 12 12 -1 6.75343791859778
"687" 12 6 1 6.91671502035361
"699" 12 13 -1 6.55819780281227
"711" 12 1 -1 6.67582322163485
"723" 12 16 -1 6.22455842927536
"735" 12 5 -1 6.47543271670409
"748" 12 11 1 6.12686918411419
"760" 12 8 -1 6.4377516497364
"773" 12 10 1 6.39859493453521
"786" 12 14 1 8.12710918534638
"799" 12 3 1 6.84268328223842
"1011" 13 12 -1 6.0330862217988
"1023" 13 3 -1 5.95324333428778
"1036" 13 10 1 6.67708346124714
"1049" 13 13 1 6.19440539110467
"1062" 13 2 1 6.05443934626937
"1074" 13 7 -1 5.88887795833288
"1087" 13 6 1 6.03548143252476
"1099" 13 15 -1 5.91350300563827
"1112" 13 5 1 6.12468339089421
"1125" 13 14 1 6.14203740558736
"1137" 13 4 -1 6.12468339089421
"1149" 13 8 -1 5.91350300563827
"1161" 13 16 -1 5.91350300563827
"1173" 13 11 -1 5.95583736946483
"1186" 13 9 1 7.20489251020467
"1199" 13 1 1 5.99396142730657
"1211" 14 11 -1 6.20859002609663
"1224" 14 12 1 5.72031177660741
"1237" 14 8 1 6.08904487544685
"1249" 14 15 -1 5.74620319054015
"1261" 14 6 -1 5.82304589548302
"1273" 14 2 -1 6.28599809450886
"1286" 14 5 1 6.07073772800249
"1298" 14 14 -1 6.10702288774225
"1311" 14 4 1 6.31716468674728
"1324" 14 13 1 6.08904487544685
"1337" 14 16 1 5.66642668811243
"1350" 14 9 1 5.84643877505772
"1362" 14 7 -1 6.08904487544685
"1375" 14 1 1 5.91079664404053
"1387" 14 3 -1 5.84354441703136
"1399" 14 10 -1 6.19236248947487
"1411" 15 1 -1 5.89164421182577
"1424" 15 15 1 6.8351845861473
"1437" 15 3 1 6.66568371778241
"1449" 15 9 -1 5.86929691313377
"1462" 15 7 1 7.31654817718298
"1475" 15 16 1 8.26384813136891
"1487" 15 5 -1 5.91350300563827
"1499" 15 13 -1 5.93224518744801
"1512" 15 8 1 7.35883089834235
"1524" 15 14 -1 5.95583736946483
"1537" 15 4 1 8.35443894011481
"1549" 15 10 -1 5.88887795833288
"1562" 15 11 1 8.21311069759668
"1575" 15 12 1 7.27378631784489
"1587" 15 6 -1 6.40025744530882
"1599" 15 2 -1 5.82304589548302
"1611" 16 13 -1 6.42648845745769
"1623" 16 12 -1 6.66568371778241
"1636" 16 2 1 5.93224518744801
"1649" 16 7 1 6.42486902390539
"1662" 16 14 1 6.5694814204143
"1675" 16 6 1 6.05208916892442
"1688" 16 11 1 6.81673588059497
"1700" 16 8 -1 6.55819780281227
"1712" 16 5 -1 6.0137151560428
"1724" 16 16 -1 5.93489419561959
"1736" 16 9 -1 5.88887795833288
"1748" 16 4 -1 6.54678541076052
"1761" 16 15 1 7.59739632021279
"1773" 16 1 -1 5.84354441703136
"1786" 16 10 1 6.0137151560428
"1799" 16 3 1 5.93224518744801
"1811" 17 4 -1 6.10702288774225
"1824" 17 5 1 6.53524127101366
"1836" 17 16 -1 6.73578001424233
"1849" 17 14 1 6.07073772800249
"1861" 17 3 -1 6.25575004175337
"1874" 17 9 1 6.71538338633468
"1886" 17 11 -1 6.25575004175337
"1898" 17 8 -1 6.3578422665081
"1910" 17 7 -1 7.26752542782817
"1923" 17 10 1 7.49164547360513
"1936" 17 13 1 6.5694814204143
"1949" 17 6 1 6.24027584517077
"1962" 17 2 1 6.7719355558396
"1974" 17 15 -1 6.75460409948796
"1987" 17 1 1 6.15909538849193
"1999" 17 12 -1 6.07073772800249
"2011" 18 6 -1 6.30078579466324
"2024" 18 5 1 6.12468339089421
"2037" 18 8 1 6.10702288774225
"2050" 18 12 1 6.76388490856244
"2063" 18 4 1 7.36391350140582
"2075" 18 10 -1 5.8664680569333
"2088" 18 1 1 6.08677472691231
"2100" 18 3 -1 6.15909538849193
"2113" 18 9 1 7.45066079621154
"2125" 18 7 -1 6.22455842927536
"2137" 18 11 -1 6.17586727010576
"2150" 18 13 1 6.0330862217988
"2163" 18 16 1 6.58202513889283
"2175" 18 15 -1 6.34388043412633
"2187" 18 2 -1 5.77144112313002
"2199" 18 14 -1 7.01481435127554
"2211" 19 9 -1 6.40025744530882
"2223" 19 10 -1 6.58063913728495
"2236" 19 3 1 6.22455842927536
"2248" 19 13 -1 5.95583736946483
"2261" 19 11 1 6.92461239604856
"2274" 19 4 1 7.13727843726039
"2286" 19 5 -1 6.12686918411419
"2298" 19 2 -1 5.82304589548302
"2310" 19 14 -1 5.84354441703136
"2323" 19 8 1 7.13727843726039
"2336" 19 15 1 7.5137092478397
"2349" 19 16 1 7.59739632021279
"2361" 19 1 -1 6.69579891705849
"2374" 19 7 1 8.28828304520769
"2387" 19 12 1 6.24027584517077
"2399" 19 6 -1 5.51745289646471
"2412" 2 4 1 5.79605775076537
"2425" 2 5 1 7.52240023138712
"2438" 2 12 1 5.88887795833288
"2450" 2 6 -1 5.79605775076537
"2462" 2 2 -1 5.93489419561959
"2474" 2 3 -1 6.69456205852109
"2487" 2 1 1 7.60539236481493
"2499" 2 14 -1 5.88887795833288
"2511" 2 15 -1 5.79909265446053
"2524" 2 9 1 6.37161184723186
"2536" 2 10 -1 5.48479693349065
"2549" 2 16 1 5.84354441703136
"2561" 2 7 -1 5.55295958492162
"2573" 2 11 -1 5.64190707093811
"2586" 2 8 1 5.4553211153577
"2599" 2 13 1 5.72031177660741
"2612" 20 11 1 6.12686918411419
"2625" 20 2 1 7.40367029001237
"2638" 20 14 1 6.22455842927536
"2650" 20 13 -1 6.4377516497364
"2663" 20 6 1 6.90073066404517
"2676" 20 10 1 6.14203740558736
"2688" 20 1 -1 6.22455842927536
"2701" 20 7 1 6.14203740558736
"2713" 20 9 -1 6.70686233660275
"2725" 20 5 -1 6.0137151560428
"2737" 20 16 -1 6.98564181763921
"2749" 20 12 -1 6.61338421837956
"2761" 20 8 -1 6.0137151560428
"2773" 20 4 -1 6.58202513889283
"2786" 20 3 1 5.84354441703136
"2799" 20 15 1 6.05443934626937
"2812" 21 14 1 7.22766249872865
"2825" 21 13 1 6.0330862217988
"2837" 21 16 -1 8.00436556497957
"2849" 21 3 -1 5.95324333428778
"2861" 21 12 -1 8.36194190614495
"2874" 21 1 1 6.97073007814353
"2887" 21 10 1 5.97380961186926
"2899" 21 7 -1 5.88887795833288
"2911" 21 11 -1 5.91350300563827
"2924" 21 2 1 6.10924758276437
"2937" 21 5 1 8.24722005274523
"2949" 21 15 -1 5.79909265446053
"2962" 21 6 1 6.9555926083963
"2974" 21 4 -1 5.64190707093811
"2986" 21 8 -1 6.10702288774225
"2999" 21 9 1 5.97635090929793
"3012" 22 16 1 6.28599809450886
"3025" 22 8 1 6.2709884318583
"3038" 22 4 1 6.63594655568665
"3050" 22 2 -1 6.21060007702465
"3063" 22 1 1 6.61338421837956
"3075" 22 15 -1 5.99146454710798
"3087" 22 10 -1 6.08904487544685
"3100" 22 9 1 6.12686918411419
"3113" 22 13 1 6.08904487544685
"3125" 22 6 -1 6.17586727010576
"3137" 22 14 -1 5.91079664404053
"3150" 22 5 1 6.2709884318583
"3162" 22 7 -1 5.97380961186926
"3174" 22 3 -1 5.8664680569333
"3186" 22 11 -1 5.91079664404053
"3199" 22 12 1 6.17586727010576
"3212" 23 7 1 5.97380961186926
"3225" 23 3 1 6.14203740558736
"3237" 23 14 -1 6.22653666928747
"3249" 23 5 -1 6.21060007702465
"3261" 23 6 -1 5.79909265446053
"3273" 23 2 -1 6.14203740558736
"3285" 23 13 -1 6.01615715969835
"3297" 23 10 -1 5.82008293035236
"3309" 23 1 -1 5.74620319054015
"3322" 23 16 1 6.27287700654617
"3335" 23 11 1 5.88887795833288
"3348" 23 8 1 5.91350300563827
"3361" 23 12 1 5.84354441703136
"3373" 23 9 -1 5.88887795833288
"3386" 23 15 1 5.97635090929793
"3399" 23 4 1 5.77455154554441
"3412" 24 7 1 7.55642796944025
"3424" 24 8 -1 6.67582322163485
"3436" 24 13 -1 6.14203740558736
"3449" 24 14 1 7.07072410726028
"3462" 24 15 1 7.0647590277918
"3475" 24 6 1 6.14203740558736
"3487" 24 9 -1 6.14418563412565
"3499" 24 4 -1 6.05208916892442
"3511" 24 12 -1 5.88610403145016
"3524" 24 3 1 6.16120732169508
"3536" 24 16 -1 6.10924758276437
"3548" 24 5 -1 6.63594655568665
"3560" 24 1 -1 6.08904487544685
"3573" 24 11 1 6.20859002609663
"3586" 24 10 1 7.21007962817079
"3599" 24 2 1 6.33150184989369
"3611" 25 11 -1 5.84354441703136
"3623" 25 3 -1 6.30078579466324
"3636" 25 5 1 7.60539236481493
"3649" 25 6 1 7.00760061395185
"3662" 25 1 1 6.55819780281227
"3675" 25 14 1 6.07304453410041
"3687" 25 8 -1 5.66642668811243
"3700" 25 10 1 6.10702288774225
"3712" 25 4 -1 5.88887795833288
"3725" 25 9 1 6.13988455222626
"3737" 25 16 -1 5.48893772615669
"3750" 25 2 1 6.63463335786169
"3763" 25 13 1 5.54907608489522
"3775" 25 12 -1 5.5834963087817
"3787" 25 7 -1 5.60947179518496
"3799" 25 15 -1 5.6937321388027
"3812" 26 9 1 6.31716468674728
"3824" 26 7 -1 6.07073772800249
"3836" 26 3 -1 6.25575004175337
"3849" 26 12 1 6.48768401848461
"3862" 26 4 1 6.25575004175337
"3874" 26 14 -1 6.05443934626937
"3887" 26 16 1 6.0913098820777
"3899" 26 10 -1 6.12468339089421
"3911" 26 2 -1 5.8664680569333
"3923" 26 6 -1 5.99396142730657
"3936" 26 8 1 6.51323011091231
"3949" 26 13 1 6.53524127101366
"3961" 26 11 -1 5.97380961186926
"3973" 26 15 -1 6.38519439899773
"3986" 26 5 1 5.88887795833288
"3999" 26 1 1 5.77144112313002
"4012" 27 8 1 6.14418563412565
"4024" 27 14 -1 5.8664680569333
"4036" 27 6 -1 5.93489419561959
"4048" 27 13 -1 5.89164421182577
"4060" 27 2 -1 5.91350300563827
"4073" 27 12 1 5.95324333428778
"4085" 27 9 -1 6.07073772800249
"4097" 27 1 -1 5.91079664404053
"4110" 27 7 1 6.22455842927536
"4123" 27 4 1 5.74939298590825
"4136" 27 3 1 5.82008293035236
"4148" 27 10 -1 5.77455154554441
"4160" 27 5 -1 6.15909538849193
"4173" 27 11 1 5.88887795833288
"4186" 27 15 1 5.74939298590825
"4199" 27 16 1 5.86929691313377
"4212" 28 6 1 7.19218205871325
"4225" 28 11 1 6.69579891705849
"4237" 28 12 -1 6.06610809010375
"4250" 28 2 1 7.63675211243578
"4263" 28 10 1 5.88610403145016
"4275" 28 16 -1 5.95583736946483
"4287" 28 8 -1 6.19236248947487
"4299" 28 9 -1 5.82304589548302
"4312" 28 14 1 5.99146454710798
"4325" 28 3 1 6.92461239604856
"4337" 28 5 -1 6.24027584517077
"4349" 28 4 -1 6.47543271670409
"4361" 28 13 -1 6.25766758788264
"4373" 28 1 -1 6.25575004175337
"4386" 28 15 1 7.89692465626886
"4399" 28 7 1 6.15909538849193
"4412" 29 5 1 6.08904487544685
"4425" 29 1 1 5.54907608489522
"4437" 29 15 -1 5.91350300563827
"4449" 29 7 -1 5.8664680569333
"4462" 29 10 1 6.67582322163485
"4475" 29 9 1 6.22455842927536
"4487" 29 4 -1 5.86929691313377
"4500" 29 2 1 6.10924758276437
"4512" 29 3 -1 5.99396142730657
"4525" 29 13 1 6.2709884318583
"4537" 29 11 -1 5.82008293035236
"4550" 29 14 1 6.53524127101366
"4562" 29 8 -1 5.79605775076537
"4574" 29 16 -1 5.86929691313377
"4586" 29 12 -1 5.8664680569333
"4599" 29 6 1 5.88887795833288
"4612" 3 3 1 5.93224518744801
"4624" 3 1 -1 5.77144112313002
"4636" 3 14 -1 5.57972982598622
"4648" 3 2 -1 5.8664680569333
"4661" 3 16 1 5.79605775076537
"4674" 3 15 1 6.7900972355139
"4687" 3 4 1 6.10702288774225
"4700" 3 11 1 5.91079664404053
"4713" 3 8 1 5.79605775076537
"4725" 3 5 -1 5.88887795833288
"4738" 3 12 1 5.8664680569333
"4750" 3 9 -1 6.12686918411419
"4762" 3 10 -1 5.79605775076537
"4774" 3 13 -1 5.60947179518496
"4786" 3 6 -1 5.86929691313377
"4799" 3 7 1 5.88887795833288
"4811" 30 10 -1 6.14203740558736
"4824" 30 4 1 6.4393503711001
"4837" 30 5 1 6.20859002609663
"4850" 30 13 1 6.03548143252476
"4863" 30 12 1 6.07073772800249
"4875" 30 7 -1 5.84354441703136
"4887" 30 11 -1 5.97635090929793
"4900" 30 16 1 6.3456363608286
"4913" 30 1 1 6.46302945692067
"4925" 30 14 -1 5.88610403145016
"4938" 30 8 1 5.82008293035236
"4951" 30 9 1 6.17586727010576
"4963" 30 2 -1 7.13648320859025
"4975" 30 3 -1 6.0137151560428
"4987" 30 15 -1 5.93489419561959
"4999" 30 6 -1 5.99396142730657
"5011" 31 13 -1 6.34388043412633
"5023" 31 5 -1 5.74620319054015
"5036" 31 16 1 5.74939298590825
"5048" 31 1 -1 5.82008293035236
"5061" 31 12 1 5.72358510195238
"5074" 31 4 1 5.88887795833288
"5087" 31 3 1 6.28599809450886
"5099" 31 6 -1 5.84354441703136
"5112" 31 7 1 5.60947179518496
"5125" 31 15 1 7.37400185935016
"5137" 31 9 -1 5.82008293035236
"5149" 31 10 -1 6.0282785202307
"5162" 31 8 1 5.77144112313002
"5175" 31 11 1 7.18614430452233
"5187" 31 2 -1 5.57972982598622
"5199" 31 14 -1 5.95583736946483
"5212" 32 7 1 6.30078579466324
"5224" 32 16 -1 6.37161184723186
"5236" 32 12 -1 6.05208916892442
"5248" 32 5 -1 6.94022246911964
"5260" 32 9 -1 6.42486902390539
"5273" 32 10 1 7.46908388492123
"5286" 32 15 1 7.2902928824466
"5298" 32 4 -1 7.08506429395255
"5311" 32 11 1 6.8596149036542
"5324" 32 3 1 7.79975331828725
"5337" 32 14 1 7.61332497954064
"5350" 32 2 1 6.7990558620588
"5362" 32 13 -1 6.07073772800249
"5374" 32 8 -1 5.91079664404053
"5386" 32 1 -1 6.65544035036765
"5399" 32 6 1 7.45529848568329
"5411" 33 7 -1 6.14203740558736
"5424" 33 2 1 7.58933582317062
"5436" 33 4 -1 6.07073772800249
"5448" 33 11 -1 6.34388043412633
"5460" 33 15 -1 7.80343505695217
"5472" 33 12 -1 5.77144112313002
"5485" 33 1 1 6.54678541076052
"5497" 33 16 -1 7.71154897962915
"5510" 33 5 1 7.09090982207998
"5523" 33 13 1 5.86929691313377
"5536" 33 14 1 5.99645208861902
"5549" 33 6 1 5.95324333428778
"5562" 33 10 1 6.10702288774225
"5574" 33 8 -1 5.91079664404053
"5587" 33 9 1 5.82008293035236
"5599" 33 3 -1 5.79605775076537
"5611" 34 14 -1 6.10702288774225
"5623" 34 10 -1 6.12249280951439
"5636" 34 13 1 5.77144112313002
"5648" 34 6 -1 5.84354441703136
"5660" 34 7 -1 6.08904487544685
"5673" 34 5 1 5.97380961186926
"5686" 34 12 1 8.20001364817543
"5698" 34 11 -1 6.07304453410041
"5711" 34 4 1 7.10414409298753
"5724" 34 16 1 6.65672652417839
"5736" 34 3 -1 6.05208916892442
"5748" 34 15 -1 6.01615715969835
"5761" 34 8 1 5.91079664404053
"5774" 34 1 1 5.88610403145016
"5786" 34 2 -1 5.8664680569333
"5799" 34 9 1 5.82304589548302
"5812" 35 16 1 5.77144112313002
"5824" 35 13 -1 6.33150184989369
"5837" 35 7 1 5.97380961186926
"5849" 35 5 -1 5.77144112313002
"5862" 35 15 1 7.61381868480863
"5875" 35 8 1 6.85118492749374
"5887" 35 9 -1 5.95583736946483
"5900" 35 4 1 6.03548143252476
"5912" 35 14 -1 5.57972982598622
"5925" 35 11 1 6.82654522355659
"5937" 35 1 -1 5.95324333428778
"5949" 35 10 -1 5.95324333428778
"5962" 35 3 1 6.05208916892442
"5975" 35 12 1 5.93224518744801
"5987" 35 2 -1 5.60947179518496
"5999" 35 6 -1 5.77455154554441
"6012" 36 14 1 6.46458830368996
"6024" 36 13 -1 6.01615715969835
"6036" 36 8 -1 5.91079664404053
"6049" 36 6 1 6.2709884318583
"6062" 36 11 1 6.33150184989369
"6074" 36 5 -1 6.42486902390539
"6087" 36 3 1 6.67582322163485
"6099" 36 9 -1 6.03548143252476
"6112" 36 2 1 6.0137151560428
"6125" 36 7 1 5.91079664404053
"6137" 36 12 -1 6.05443934626937
"6150" 36 10 1 6.12468339089421
"6162" 36 16 -1 6.0137151560428
"6175" 36 15 1 5.84643877505772
"6187" 36 4 -1 5.77455154554441
"6199" 36 1 -1 6.07073772800249
"6211" 37 16 -1 5.86929691313377
"6224" 37 1 1 6.14203740558736
"6236" 37 11 -1 5.82304589548302
"6248" 37 8 -1 5.6937321388027
"6260" 37 3 -1 5.91079664404053
"6272" 37 7 -1 5.72031177660741
"6285" 37 6 1 6.14418563412565
"6297" 37 4 -1 5.6937321388027
"6310" 37 13 1 5.91350300563827
"6323" 37 9 1 5.48479693349065
"6336" 37 2 1 5.77144112313002
"6348" 37 15 -1 5.72031177660741
"6361" 37 5 1 5.66642668811243
"6373" 37 12 -1 5.61312810638807
"6386" 37 10 1 5.88887795833288
"6399" 37 14 1 5.63835466933375
"6412" 38 1 1 6.31535800152233
"6425" 38 12 1 6.51174532964473
"6438" 38 8 1 6.61204103483309
"6450" 38 3 -1 6.19236248947487
"6462" 38 11 -1 6.28599809450886
"6474" 38 7 -1 6.19236248947487
"6487" 38 5 1 6.54678541076052
"6500" 38 13 1 6.22455842927536
"6512" 38 10 -1 6.37161184723186
"6524" 38 15 -1 5.93489419561959
"6536" 38 6 -1 6.77308037565554
"6549" 38 16 1 6.3297209055227
"6561" 38 2 -1 6.0330862217988
"6574" 38 9 1 6.58063913728495
"6586" 38 14 -1 6.15909538849193
"6599" 38 4 1 6.70686233660275
"6611" 39 5 -1 6.12468339089421
"6623" 39 9 -1 5.89164421182577
"6636" 39 8 1 5.93224518744801
"6648" 39 10 -1 5.91079664404053
"6661" 39 16 1 5.6937321388027
"6674" 39 4 1 6.74405918631135
"6687" 39 7 1 6.05208916892442
"6699" 39 6 -1 5.93224518744801
"6712" 39 11 1 6.31535800152233
"6724" 39 14 -1 5.88887795833288
"6737" 39 12 1 6.3456363608286
"6749" 39 1 -1 6.0330862217988
"6762" 39 15 1 5.72031177660741
"6774" 39 2 -1 6.37161184723186
"6787" 39 3 1 5.54907608489522
"6799" 39 13 -1 5.72031177660741
"6811" 4 16 -1 7.12447826249342
"6823" 4 1 -1 5.99396142730657
"6835" 4 4 -1 6.24027584517077
"6848" 4 10 1 7.77359446736019
"6861" 4 2 1 7.13009851012558
"6873" 4 8 -1 7.45529848568329
"6885" 4 12 -1 6.15909538849193
"6898" 4 14 1 5.8664680569333
"6910" 4 5 -1 5.95324333428778
"6923" 4 6 1 7.31654817718298
"6936" 4 3 1 6.4118182677099
"6949" 4 7 1 6.14203740558736
"6962" 4 15 1 6.07073772800249
"6975" 4 11 1 6.96318998587024
"6987" 4 13 -1 6.38687931936265
"6999" 4 9 -1 5.90808293816893
"7011" 40 16 -1 5.91350300563827
"7024" 40 6 1 5.91079664404053
"7036" 40 9 -1 6.03548143252476
"7048" 40 8 -1 6.25575004175337
"7060" 40 1 -1 5.88887795833288
"7072" 40 12 -1 6.08904487544685
"7085" 40 15 1 7.23921497377981
"7098" 40 11 1 7.13089883029635
"7111" 40 2 1 6.08904487544685
"7124" 40 10 1 6.76272950693188
"7137" 40 3 1 6.91671502035361
"7150" 40 14 1 6.58202513889283
"7162" 40 4 -1 6.31535800152233
"7174" 40 13 -1 6.14418563412565
"7186" 40 5 -1 6.30078579466324
"7199" 40 7 1 7.53101633207792
"7212" 41 10 1 6.05208916892442
"7224" 41 7 -1 7.09754885061479
"7236" 41 8 -1 5.79605775076537
"7248" 41 15 -1 5.6970934865054
"7260" 41 11 -1 6.0137151560428
"7272" 41 16 -1 6.60258789218934
"7285" 41 2 1 5.82008293035236
"7297" 41 4 -1 5.89164421182577
"7310" 41 14 1 6.76272950693188
"7323" 41 13 1 6.94022246911964
"7336" 41 6 1 8.20439841814938
"7349" 41 9 1 8.1978140322212
"7362" 41 1 1 7.78696700261487
"7374" 41 3 -1 6.55819780281227
"7386" 41 12 -1 7.51806418123308
"7399" 41 5 1 7.16162200293919
"7412" 42 9 1 5.79605775076537
"7425" 42 12 1 7.79688034278352
"7438" 42 5 1 7.25629723969068
"7451" 42 16 1 7.83557924666997
"7463" 42 11 -1 5.89164421182577
"7476" 42 8 1 6.25575004175337
"7488" 42 10 -1 6.86797440897029
"7501" 42 13 1 6.05208916892442
"7513" 42 15 -1 6.30078579466324
"7526" 42 4 1 6.78105762593618
"7538" 42 2 -1 5.77144112313002
"7550" 42 7 -1 5.97380961186926
"7562" 42 6 -1 5.82304589548302
"7574" 42 3 -1 6.55819780281227
"7587" 42 1 1 5.91079664404053
"7599" 42 14 -1 5.88887795833288
"7611" 43 1 -1 6.07073772800249
"7624" 43 16 1 6.0137151560428
"7637" 43 3 1 7.22766249872865
"7649" 43 9 -1 5.84643877505772
"7661" 43 14 -1 5.99396142730657
"7674" 43 7 1 6.25575004175337
"7687" 43 4 1 6.24222326545517
"7700" 43 15 1 7.36391350140582
"7712" 43 5 -1 5.82008293035236
"7724" 43 13 -1 6.82546003625531
"7736" 43 2 -1 5.79909265446053
"7749" 43 11 1 5.97380961186926
"7762" 43 12 1 6.86066367144829
"7774" 43 10 -1 5.84354441703136
"7786" 43 6 -1 5.74620319054015
"7799" 43 8 1 5.95324333428778
"7811" 44 8 -1 6.55819780281227
"7824" 44 14 1 6.12468339089421
"7837" 44 3 1 6.29894924685594
"7849" 44 5 -1 6.44094654063292
"7861" 44 13 -1 5.93224518744801
"7874" 44 15 1 6.0913098820777
"7887" 44 7 1 6.34388043412633
"7899" 44 16 -1 6.24027584517077
"7912" 44 11 1 6.67708346124714
"7925" 44 10 1 7.02197642307216
"7938" 44 6 1 8.22817689595132
"7950" 44 9 -1 6.17586727010576
"7963" 44 2 1 6.45047042214418
"7975" 44 12 -1 5.72031177660741
"7987" 44 4 -1 6.0330862217988
"7999" 44 1 -1 6.07073772800249
"8012" 45 14 1 6.30078579466324
"8025" 45 2 1 6.78105762593618
"8037" 45 11 -1 5.97380961186926
"8050" 45 10 1 7.37337430991005
"8062" 45 16 -1 7.07749805356923
"8075" 45 9 1 6.54678541076052
"8088" 45 6 1 5.99396142730657
"8100" 45 12 -1 6.25575004175337
"8113" 45 1 1 5.99396142730657
"8126" 45 13 1 6.90073066404517
"8138" 45 7 -1 5.74620319054015
"8150" 45 15 -1 5.82008293035236
"8162" 45 4 -1 6.08904487544685
"8174" 45 8 -1 6.74405918631135
"8186" 45 3 -1 5.79605775076537
"8199" 45 5 1 6.49978704065585
"8212" 46 16 1 6.38519439899773
"8225" 46 1 1 6.68586094706836
"8237" 46 2 -1 6.48920493132532
"8249" 46 3 -1 6.52356230614951
"8262" 46 13 1 6.37331978957701
"8275" 46 12 1 8.06620756800626
"8287" 46 14 -1 5.82304589548302
"8299" 46 11 -1 6.91671502035361
"8312" 46 4 1 5.86929691313377
"8325" 46 9 1 6.74523634948436
"8337" 46 7 -1 5.93224518744801
"8349" 46 6 -1 6.08904487544685
"8362" 46 5 1 6.30078579466324
"8374" 46 10 -1 5.8664680569333
"8386" 46 15 -1 5.64190707093811
"8399" 46 8 1 6.0330862217988
"8411" 47 2 -1 5.99645208861902
"8424" 47 15 1 6.8001700683022
"8437" 47 12 1 7.1929342212158
"8449" 47 5 -1 5.88887795833288
"8461" 47 10 -1 5.84354441703136
"8474" 47 7 1 6.49978704065585
"8487" 47 11 1 6.07073772800249
"8500" 47 3 1 7.19218205871325
"8513" 47 4 1 7.01571242048723
"8525" 47 13 -1 5.83188247728352
"8537" 47 9 -1 5.91350300563827
"8549" 47 6 -1 5.82304589548302
"8562" 47 16 1 5.84643877505772
"8574" 47 1 -1 5.93224518744801
"8587" 47 8 1 6.89365635460264
"8599" 47 14 -1 5.91350300563827
"8611" 48 5 -1 6.07073772800249
"8623" 48 8 -1 5.93224518744801
"8636" 48 2 1 5.52146091786225
"8648" 48 16 -1 6.22455842927536
"8661" 48 14 1 6.52356230614951
"8673" 48 9 -1 6.74523634948436
"8686" 48 10 1 7.50494206839617
"8699" 48 6 1 6.52502965784346
"8711" 48 4 -1 5.74620319054015
"8724" 48 11 1 6.17586727010576
"8737" 48 7 1 6.65544035036765
"8749" 48 13 -1 5.86929691313377
"8762" 48 3 1 6.31535800152233
"8775" 48 15 1 6.41345895716736
"8787" 48 12 -1 5.99645208861902
"8799" 48 1 -1 5.84354441703136
"8812" 49 1 1 6.31716468674728
"8825" 49 5 1 6.52356230614951
"8837" 49 4 -1 6.16120732169508
"8850" 49 10 1 6.15909538849193
"8862" 49 15 -1 6.05443934626937
"8875" 49 14 1 6.14203740558736
"8887" 49 8 -1 6.20859002609663
"8900" 49 6 1 6.28785856016178
"8913" 49 2 1 6.10924758276437
"8926" 49 13 1 6.61472560020376
"8938" 49 12 -1 6.5366915975913
"8950" 49 7 -1 6.15909538849193
"8963" 49 9 1 6.30261897574491
"8975" 49 11 -1 5.95583736946483
"8987" 49 16 -1 5.93224518744801
"8999" 49 3 -1 5.99396142730657
"9011" 5 15 -1 5.93489419561959
"9024" 5 9 1 7.66340766489348
"9037" 5 10 1 5.93224518744801
"9050" 5 13 1 6.19236248947487
"9062" 5 16 -1 6.35957386867238
"9075" 5 5 1 5.8664680569333
"9087" 5 3 -1 5.88887795833288
"9099" 5 7 -1 5.84354441703136
"9112" 5 1 1 7.13648320859025
"9124" 5 12 -1 5.84354441703136
"9136" 5 8 -1 5.74620319054015
"9148" 5 4 -1 5.95324333428778
"9161" 5 2 1 7.4079243225596
"9173" 5 11 -1 5.88887795833288
"9186" 5 14 1 7.98241634682773
"9199" 5 6 1 6.37331978957701
"9211" 6 15 -1 5.86929691313377
"9224" 6 5 1 5.99396142730657
"9237" 6 1 1 5.84354441703136
"9250" 6 16 1 6.03548143252476
"9263" 6 13 1 5.55295958492162
"9276" 6 12 1 5.74620319054015
"9288" 6 2 -1 5.51745289646471
"9301" 6 8 1 5.54907608489522
"9313" 6 6 -1 5.41610040220442
"9326" 6 9 1 5.42053499927229
"9338" 6 7 -1 5.30330490805908
"9351" 6 4 1 5.48893772615669
"9363" 6 11 -1 5.4510384535657
"9375" 6 3 -1 5.26269018890489
"9387" 6 10 -1 5.57972982598622
"9399" 6 14 -1 5.54907608489522
"9412" 7 7 1 6.10702288774225
"9424" 7 13 -1 6.05443934626937
"9437" 7 16 1 6.03548143252476
"9450" 7 11 1 5.95324333428778
"9462" 7 2 -1 5.93489419561959
"9475" 7 15 1 5.82304589548302
"9488" 7 12 1 7.03702761468628
"9500" 7 6 -1 5.93224518744801
"9513" 7 3 1 5.97380961186926
"9526" 7 8 1 6.21060007702465
"9538" 7 10 -1 5.93224518744801
"9551" 7 4 1 6.03548143252476
"9563" 7 9 -1 6.0913098820777
"9575" 7 1 -1 5.79909265446053
"9587" 7 5 -1 6.24027584517077
"9599" 7 14 -1 5.84643877505772
"9811" 9 3 -1 5.74620319054015
"9823" 9 4 -1 6.0913098820777
"9836" 9 2 1 5.93489419561959
"9848" 9 11 -1 6.05443934626937
"9860" 9 12 -1 5.84643877505772
"9872" 9 16 -1 5.95583736946483
"9885" 9 1 1 5.82008293035236
"9897" 9 15 -1 5.64190707093811
"9910" 9 14 1 5.6937321388027
"9923" 9 6 1 5.91350300563827
"9936" 9 10 1 5.6937321388027
"9948" 9 8 -1 5.77144112313002
"9961" 9 5 1 5.4553211153577
"9974" 9 13 1 5.52146091786225
"9987" 9 9 1 5.38449506278909
"9999" 9 7 -1 5.57972982598622
